% Colors from ColorBrewer. e.g.: https://colorbrewer2.org/#type=sequential&scheme=Greens&n=5
purples = [[242,240,247];...
    [203,201,226];...
    [158,154,200];...
    [117,107,177];...
    [84,39,143]]/255.;
oranges= [[254,237,222];...
    [253,190,133];...
    [253,141,60];...
    [230,85,13];...
    [166,54,3]]/255.;
blues = [[239,243,255];...
    [189,215,231];...
    [107,174,214];...
    [49,130,189];...
    [8,81,156]]/255.;
greens = [[237,248,233];...
    [186,228,179];...
    [116,196,118];...
    [49,163,84];...
    [0,109,44]]/255.;
grays = [[247,247,247];...
    [204,204,204];...
    [150,150,150];...
    [99,99,99];...
    [37,37,37]]/255.;
reds = [[255,245,240];...
    [254,224,210];...
    [252,187,161];...
    [252,146,114];...
    [251,106,74];...
    [239,59,44];...
    [203,24,29];...
    [165,15,21];...
    [103,0,13]]/255.;